@ 155.807 155.917 0.11 3895.178 3896.553 3897.928
O 155.917 156.027 0.11 3897.928 3899.303 3900.678
f 156.027 156.107 0.08 3900.678 3901.678 3902.678
n 156.107 156.157 0.05 3902.678 3903.303 3903.928
U 156.157 156.217 0.06 3903.928 3904.678 3905.428
N 156.217 156.297 0.08 3905.428 3906.428 3907.428
? 156.297 156.407 0.11 3907.428 3908.803 3910.178
aU 156.407 156.567 0.16 3910.178 3912.178 3914.178
f 156.567 156.657 0.09 3914.178 3915.303 3916.428
w 156.657 156.777 0.12 3916.428 3917.928 3919.428
b 156.777 156.807 0.03 3919.428 3919.803 3920.178
E 156.807 156.897 0.09 3920.178 3921.303 3922.428
s 156.897 156.927 0.03 3922.428 3922.803 3923.178
@ 156.927 157.067 0.14 3923.178 3924.928 3926.678
r 157.067 157.177 0.11 3926.678 3928.053 3929.428
U 157.177 157.237 0.06 3929.428 3930.178 3930.928
N 157.237 157.307 0.07 3930.928 3931.803 3932.678
h 157.307 157.427 0.12 3932.678 3934.178 3935.678
a: 157.427 157.587 0.16 3935.678 3937.678 3939.678
b 157.587 157.617 0.03 3939.678 3940.053 3940.428
@ 157.617 157.647 0.03 3940.428 3940.803 3941.178
n 157.647 157.677 0.03 3941.178 3941.553 3941.928
w 157.677 158.467 0.79 3941.928 3951.803 3961.678
f 158.467 158.497 0.03 3961.678 3962.053 3962.428
O 158.497 158.557 0.06 3962.428 3963.178 3963.928
n 158.557 158.597 0.04 3963.928 3964.428 3964.928
d 158.597 158.637 0.04 3964.928 3965.428 3965.928
e: 158.637 158.787 0.15 3965.928 3967.803 3969.678
6 158.787 158.817 0.03 3969.678 3970.053 3970.428
I 158.817 158.847 0.03 3970.428 3970.803 3971.178
C 158.847 158.887 0.04 3971.178 3971.678 3972.178
a 158.887 158.987 0.1 3972.178 3973.428 3974.678
m 158.987 159.077 0.09 3974.678 3975.803 3976.928
a 159.077 159.197 0.12 3976.928 3978.428 3979.928
n 159.197 159.257 0.06 3979.928 3980.678 3981.428
f 159.257 159.347 0.09 3981.428 3982.553 3983.678
a 159.347 159.457 0.11 3983.678 3985.053 3986.428
N 159.457 159.517 0.06 3986.428 3987.178 3987.928
g 159.517 159.597 0.08 3987.928 3988.928 3989.928
@ 159.597 159.637 0.04 3989.928 3990.428 3990.928
S 159.637 159.707 0.07 3990.928 3991.803 3992.678
_ 159.707 159.777 0.07 3992.678 3993.553 3994.428
r 159.777 159.837 0.06 3994.428 3995.178 3995.928
O 159.837 159.877 0.04 3995.928 3996.428 3996.928
x 159.877 159.977 0.1 3996.928 3998.178 3999.428
@ 159.977 160.007 0.03 3999.428 3999.803 4000.178
n 160.007 160.077 0.07 4000.178 4001.053 4001.928
h 160.077 160.147 0.07 4001.928 4002.803 4003.678
a: 160.147 160.217 0.07 4003.678 4004.553 4005.428
b 160.217 160.267 0.05 4005.428 4006.053 4006.678
@ 160.267 160.327 0.06 4006.678 4007.428 4008.178
w 160.327 160.867 0.54 4008.178 4014.928 4021.678
? 160.867 160.917 0.05 4021.678 4022.303 4022.928
y: 160.917 161.027 0.11 4022.928 4024.303 4025.678
b 161.027 161.117 0.09 4025.678 4026.803 4027.928
6 161.117 161.217 0.1 4027.928 4029.178 4030.428
a 161.217 161.247 0.03 4030.428 4030.803 4031.178
l 161.247 161.307 0.06 4031.178 4031.928 4032.678
I 161.307 161.387 0.08 4032.678 4033.678 4034.678
n 161.387 161.427 0.04 4034.678 4035.178 4035.678
d 161.427 161.507 0.08 4035.678 4036.678 4037.678
OY 161.507 161.597 0.09 4037.678 4038.803 4039.928
tS 161.597 161.727 0.13 4039.928 4041.553 4043.178
l 161.727 161.767 0.04 4043.178 4043.678 4044.178
a 161.767 161.867 0.1 4044.178 4045.428 4046.678
n 161.867 161.907 0.04 4046.678 4047.178 4047.678
t 161.907 161.957 0.05 4047.678 4048.303 4048.928
z 161.957 162.017 0.06 4048.928 4049.678 4050.428
I 162.017 162.067 0.05 4050.428 4051.053 4051.678
n 162.067 162.107 0.04 4051.678 4052.178 4052.678
w 162.107 162.167 0.06 4052.678 4053.428 4054.178
k 162.167 162.267 0.1 4054.178 4055.428 4056.678
U 162.267 162.327 0.06 4056.678 4057.428 4058.178
6 162.327 162.387 0.06 4058.178 4058.928 4059.678
ts 162.387 162.507 0.12 4059.678 4061.178 4062.678
n 162.507 162.557 0.05 4062.678 4063.303 4063.928
a: 162.557 162.607 0.05 4063.928 4064.553 4065.178
x 162.607 162.687 0.08 4065.178 4066.178 4067.178
v 162.687 162.737 0.05 4067.178 4067.803 4068.428
