r 202.027 202.097 0.07 5050.678 5051.553 5052.428
I 202.097 202.137 0.04 5052.428 5052.928 5053.428
C 202.137 202.257 0.12 5053.428 5054.928 5056.428
t 202.257 202.307 0.05 5056.428 5057.053 5057.678
I 202.307 202.357 0.05 5057.678 5058.303 5058.928
C 202.357 202.447 0.09 5058.928 5060.053 5061.178
v 202.447 202.527 0.08 5061.178 5062.178 5063.178
a: 202.527 202.757 0.23 5063.178 5066.053 5068.928
r 202.757 202.787 0.03 5068.928 5069.303 5069.678
d 202.787 202.877 0.09 5069.678 5070.803 5071.928
a 202.877 202.957 0.08 5071.928 5072.928 5073.928
s 202.957 203.007 0.05 5073.928 5074.553 5075.178
v 203.007 203.047 0.04 5075.178 5075.678 5076.178
i: 203.047 203.097 0.05 5076.178 5076.803 5077.428
6 203.097 203.127 0.03 5077.428 5077.803 5078.178
d 203.127 203.157 0.03 5078.178 5078.553 5078.928
i: 203.157 203.217 0.06 5078.928 5079.678 5080.428
b 203.217 203.287 0.07 5080.428 5081.303 5082.178
@ 203.287 203.337 0.05 5082.178 5082.803 5083.428
S 203.337 203.447 0.11 5083.428 5084.803 5086.178
a 203.447 203.557 0.11 5086.178 5087.553 5088.928
f 203.557 203.657 0.1 5088.928 5090.178 5091.428
U 203.657 203.697 0.04 5091.428 5091.928 5092.428
N 203.697 203.777 0.08 5092.428 5093.428 5094.428
d 203.777 203.817 0.04 5094.428 5094.928 5095.428
e: 203.817 203.877 0.06 5095.428 5096.178 5096.928
6 203.877 203.907 0.03 5096.928 5097.303 5097.678
I 203.907 203.967 0.06 5097.678 5098.428 5099.178
m 203.967 204.027 0.06 5099.178 5099.928 5100.678
pf 204.027 204.077 0.05 5100.678 5101.303 5101.928
S 204.077 204.147 0.07 5101.928 5102.803 5103.678
t 204.147 204.197 0.05 5103.678 5104.303 5104.928
O 204.197 204.297 0.1 5104.928 5106.178 5107.428
f 204.297 204.377 0.08 5107.428 5108.428 5109.428
@ 204.377 204.427 0.05 5109.428 5110.053 5110.678
n 204.427 204.507 0.08 5110.678 5111.678 5112.678
I 204.507 204.547 0.04 5112.678 5113.178 5113.678
C 204.547 204.637 0.09 5113.678 5114.803 5115.928
t 204.637 204.687 0.05 5115.928 5116.553 5117.178
n 204.687 204.757 0.07 5117.178 5118.053 5118.928
_ 204.757 204.827 0.07 5118.928 5119.803 5120.678
ts 204.827 204.987 0.16 5120.678 5122.678 5124.678
j 204.987 205.017 0.03 5124.678 5125.053 5125.428
o 205.017 205.057 0.04 5125.428 5125.928 5126.428
n 205.057 205.117 0.06 5126.428 5127.178 5127.928
a: 205.117 205.407 0.29 5127.928 5131.553 5135.178
w 205.407 205.717 0.31 5135.178 5139.053 5142.928
z 205.717 205.797 0.08 5142.928 5143.928 5144.928
O 205.797 205.867 0.07 5144.928 5145.803 5146.678
n 205.867 205.917 0.05 5146.678 5147.303 5147.928
6 205.917 205.997 0.08 5147.928 5148.928 5149.928
n 205.997 206.067 0.07 5149.928 5150.803 5151.678
? 206.067 206.097 0.03 5151.678 5152.053 5152.428
OY 206.097 206.157 0.06 5152.428 5153.178 5153.928
r 206.157 206.187 0.03 5153.928 5154.303 5154.678
o 206.187 206.287 0.1 5154.678 5155.928 5157.178
p 206.287 206.387 0.1 5157.178 5158.428 5159.678
E: 206.387 206.537 0.15 5159.678 5161.553 5163.428
I 206.537 206.567 0.03 5163.428 5163.803 5164.178
S 206.567 206.617 0.05 5164.178 5164.803 5165.428
O 206.617 206.707 0.09 5165.428 5166.553 5167.678
6 206.707 206.757 0.05 5167.678 5168.303 5168.928
g 206.757 206.797 0.04 5168.928 5169.428 5169.928
a 206.797 206.867 0.07 5169.928 5170.803 5171.678
n 206.867 206.917 0.05 5171.678 5172.303 5172.928
i 206.917 207.007 0.09 5172.928 5174.053 5175.178
z 207.007 207.087 0.08 5175.178 5176.178 5177.178
i: 207.087 207.137 0.05 5177.178 5177.803 5178.428
6 207.137 207.167 0.03 5178.428 5178.803 5179.178
t 207.167 207.197 0.03 5179.178 5179.553 5179.928
h 207.197 207.287 0.09 5179.928 5181.053 5182.178
a: 207.287 207.427 0.14 5182.178 5183.928 5185.678
m 207.427 207.537 0.11 5185.678 5187.053 5188.428
w 207.537 208.217 0.68 5188.428 5196.928 5205.428
? 208.217 208.307 0.09 5205.428 5206.553 5207.678
I 208.307 208.357 0.05 5207.678 5208.303 5208.928
C 208.357 208.417 0.06 5208.928 5209.678 5210.428
b 208.417 208.497 0.08 5210.428 5211.428 5212.428
I 208.497 208.557 0.06 5212.428 5213.178 5213.928
n 208.557 208.587 0.03 5213.928 5214.303 5214.678
f 208.587 208.717 0.13 5214.678 5216.303 5217.928
E 208.717 208.867 0.15 5217.928 5219.803 5221.678
s 208.867 208.907 0.04 5221.678 5222.178 5222.678
? 208.907 208.967 0.06 5222.678 5223.428 5224.178
y: 208.967 209.027 0.06 5224.178 5224.928 5225.678
b 209.027 209.077 0.05 5225.678 5226.303 5226.928
6 209.077 209.177 0.1 5226.928 5228.178 5229.428
ts 209.177 209.297 0.12 5229.428 5230.928 5232.428
OY 209.297 209.427 0.13 5232.428 5234.053 5235.678
k 209.427 209.467 0.04 5235.678 5236.178 5236.678
w 209.467 209.707 0.24 5236.678 5239.678 5242.678
d 209.707 209.737 0.03 5242.678 5243.053 5243.428
a 209.737 209.837 0.1 5243.428 5244.678 5245.928
s 209.837 209.897 0.06 5245.928 5246.678 5247.428
@ 209.897 209.937 0.04 5247.428 5247.928 5248.428
