t 189.207 189.307 0.1 4730.178 4731.428 4732.678
f 189.307 189.337 0.03 4732.678 4733.053 4733.428
y: 189.337 189.407 0.07 4733.428 4734.303 4735.178
6 189.407 189.437 0.03 4735.178 4735.553 4735.928
m 189.437 189.467 0.03 4735.928 4736.303 4736.678
o: 189.467 189.627 0.16 4736.678 4738.678 4740.678
n 189.627 189.697 0.07 4740.678 4741.553 4742.428
a 189.697 189.767 0.07 4742.428 4743.303 4744.178
t 189.767 189.817 0.05 4744.178 4744.803 4745.428
w 189.817 189.897 0.08 4745.428 4746.428 4747.428
m 189.897 189.977 0.08 4747.428 4748.428 4749.428
e: 189.977 190.057 0.08 4749.428 4750.428 4751.428
6 190.057 190.087 0.03 4751.428 4751.803 4752.178
m 190.087 190.177 0.09 4752.178 4753.303 4754.428
E 190.177 190.257 0.08 4754.428 4755.428 4756.428
n 190.257 190.357 0.1 4756.428 4757.678 4758.928
S 190.357 190.407 0.05 4758.928 4759.553 4760.178
@ 190.407 190.437 0.03 4760.178 4760.553 4760.928
n 190.437 190.537 0.1 4760.928 4762.178 4763.428
U 190.537 190.637 0.1 4763.428 4764.678 4765.928
n 190.637 190.677 0.04 4765.928 4766.428 4766.928
S 190.677 190.787 0.11 4766.928 4768.303 4769.678
l 190.787 190.837 0.05 4769.678 4770.303 4770.928
i: 190.837 190.957 0.12 4770.928 4772.428 4773.928
s 190.957 190.987 0.03 4773.928 4774.303 4774.678
l 190.987 191.057 0.07 4774.678 4775.553 4776.428
I 191.057 191.117 0.06 4776.428 4777.178 4777.928
C 191.117 191.147 0.03 4777.928 4778.303 4778.678
j 191.147 191.357 0.21 4778.678 4781.303 4783.928
e: 191.357 191.447 0.09 4783.928 4785.053 4786.178
d 191.447 191.497 0.05 4786.178 4786.803 4787.428
@ 191.497 191.537 0.04 4787.428 4787.928 4788.428
m 191.537 191.697 0.16 4788.428 4790.428 4792.428
w 191.697 191.767 0.07 4792.428 4793.303 4794.178
d 191.767 191.817 0.05 4794.178 4794.803 4795.428
e: 191.817 191.917 0.1 4795.428 4796.678 4797.928
6 191.917 191.987 0.07 4797.928 4798.803 4799.678
_ 191.987 192.067 0.08 4799.678 4800.678 4801.678
d 192.067 192.097 0.03 4801.678 4802.053 4802.428
a 192.097 192.187 0.09 4802.428 4803.553 4804.678
s 192.187 192.247 0.06 4804.678 4805.428 4806.178
m 192.247 192.357 0.11 4806.178 4807.553 4808.928
9 192.357 192.387 0.03 4808.928 4809.303 4809.678
C 192.387 192.547 0.16 4809.678 4811.678 4813.678
t 192.547 192.607 0.06 4813.678 4814.428 4815.178
@ 192.607 192.727 0.12 4815.178 4816.678 4818.178
w 192.727 193.037 0.31 4818.178 4822.053 4825.928
? 193.037 193.087 0.05 4825.928 4826.553 4827.178
aI 193.087 193.187 0.1 4827.178 4828.428 4829.678
n 193.187 193.287 0.1 4829.678 4830.928 4832.178
? 193.287 193.337 0.05 4832.178 4832.803 4833.428
I 193.337 193.397 0.06 4833.428 4834.178 4834.928
m 193.397 193.507 0.11 4834.928 4836.303 4837.678
pf 193.507 193.547 0.04 4837.678 4838.178 4838.678
? 193.547 193.577 0.03 4838.678 4839.053 4839.428
a 193.577 193.687 0.11 4839.428 4840.803 4842.178
n 193.687 193.797 0.11 4842.178 4843.553 4844.928
g 193.797 193.827 0.03 4844.928 4845.303 4845.678
@ 193.827 193.907 0.08 4845.678 4846.678 4847.678
b 193.907 193.967 0.06 4847.678 4848.428 4849.178
o: 193.967 194.117 0.15 4849.178 4851.053 4852.928
t 194.117 194.147 0.03 4852.928 4853.303 4853.678
m 194.147 194.217 0.07 4853.678 4854.553 4855.428
a 194.217 194.247 0.03 4855.428 4855.803 4856.178
x 194.247 194.377 0.13 4856.178 4857.803 4859.428
N 194.377 194.457 0.08 4859.428 4860.428 4861.428
k 194.457 194.507 0.05 4861.428 4862.053 4862.678
9 194.507 194.567 0.06 4862.678 4863.428 4864.178
n 194.567 194.597 0.03 4864.178 4864.553 4864.928
@ 194.597 194.627 0.03 4864.928 4865.303 4865.678
n 194.627 194.757 0.13 4865.678 4867.303 4868.928
w 194.757 195.377 0.62 4868.928 4876.678 4884.428
? 195.377 195.427 0.05 4884.428 4885.053 4885.678
U 195.427 195.467 0.04 4885.678 4886.178 4886.678
n 195.467 195.497 0.03 4886.678 4887.053 4887.428
I 195.497 195.567 0.07 4887.428 4888.303 4889.178
C 195.567 195.677 0.11 4889.178 4890.553 4891.928
O 195.677 195.797 0.12 4891.928 4893.428 4894.928
f 195.797 195.917 0.12 4894.928 4896.428 4897.928
@ 195.917 195.977 0.06 4897.928 4898.678 4899.428
m 195.977 196.067 0.09 4899.428 4900.553 4901.678
2: 196.067 196.137 0.07 4901.678 4902.553 4903.428
g 196.137 196.197 0.06 4903.428 4904.178 4904.928
l 196.197 196.237 0.04 4904.928 4905.428 4905.928
I 196.237 196.277 0.04 4905.928 4906.428 4906.928
C 196.277 196.307 0.03 4906.928 4907.303 4907.678
s 196.307 196.357 0.05 4907.678 4908.303 4908.928
t 196.357 196.447 0.09 4908.928 4910.053 4911.178
f 196.447 196.487 0.04 4911.178 4911.678 4912.178
i: 196.487 196.607 0.12 4912.178 4913.678 4915.178
l 196.607 196.647 0.04 4915.178 4915.678 4916.178
@ 196.647 196.717 0.07 4916.178 4917.053 4917.928
v 196.717 196.777 0.06 4917.928 4918.678 4919.428
e: 196.777 196.847 0.07 4919.428 4920.303 4921.178
6 196.847 196.897 0.05 4921.178 4921.803 4922.428
d 196.897 196.927 0.03 4922.428 4922.803 4923.178
@ 196.927 196.957 0.03 4923.178 4923.553 4923.928
n 196.957 196.987 0.03 4923.928 4924.303 4924.678
@ 196.987 197.067 0.08 4924.678 4925.678 4926.678
s 197.067 197.117 0.05 4926.678 4927.303 4927.928
w 197.117 197.187 0.07 4927.928 4928.803 4929.678
