d 172.017 172.097 0.08 4300.428 4301.428 4302.428
O 172.097 172.207 0.11 4302.428 4303.803 4305.178
6 172.207 172.327 0.12 4305.178 4306.678 4308.178
t 172.327 172.387 0.06 4308.178 4308.928 4309.678
b 172.387 172.417 0.03 4309.678 4310.053 4310.428
@ 172.417 172.447 0.03 4310.428 4310.803 4311.178
t 172.447 172.477 0.03 4311.178 4311.553 4311.928
r 172.477 172.577 0.1 4311.928 4313.178 4314.428
OY 172.577 172.677 0.1 4314.428 4315.678 4316.928
@ 172.677 172.747 0.07 4316.928 4317.803 4318.678
n 172.747 172.837 0.09 4318.678 4319.803 4320.928
w 172.837 173.447 0.61 4320.928 4328.553 4336.178
? 173.447 173.577 0.13 4336.178 4337.803 4339.428
E 173.577 173.667 0.09 4339.428 4340.553 4341.678
s 173.667 173.697 0.03 4341.678 4342.053 4342.428
I 173.697 173.757 0.06 4342.428 4343.178 4343.928
s 173.757 173.797 0.04 4343.928 4344.428 4344.928
? 173.797 173.847 0.05 4344.928 4345.553 4346.178
aI 173.847 173.957 0.11 4346.178 4347.553 4348.928
n 173.957 174.007 0.05 4348.928 4349.553 4350.178
l 174.007 174.057 0.05 4350.178 4350.803 4351.428
a 174.057 174.147 0.09 4351.428 4352.553 4353.678
N 174.147 174.217 0.07 4353.678 4354.553 4355.428
z 174.217 174.307 0.09 4355.428 4356.553 4357.678
a: 174.307 174.387 0.08 4357.678 4358.678 4359.678
m 174.387 174.417 0.03 4359.678 4360.053 4360.428
6 174.417 174.557 0.14 4360.428 4362.178 4363.928
S 174.557 174.607 0.05 4363.928 4364.553 4365.178
t 174.607 174.667 0.06 4365.178 4365.928 4366.678
a 174.667 174.857 0.19 4366.678 4369.053 4371.428
r 174.857 174.917 0.06 4371.428 4372.178 4372.928
t 174.917 174.947 0.03 4372.928 4373.303 4373.678
_ 174.947 175.237 0.29 4373.678 4377.303 4380.928
? 175.237 175.287 0.05 4380.928 4381.553 4382.178
aI 175.287 175.347 0.06 4382.178 4382.928 4383.678
n 175.347 175.427 0.08 4383.678 4384.678 4385.678
p 175.427 175.457 0.03 4385.678 4386.053 4386.428
a: 175.457 175.527 0.07 4386.428 4387.303 4388.178
r 175.527 175.557 0.03 4388.178 4388.553 4388.928
h 175.557 175.637 0.08 4388.928 4389.928 4390.928
U 175.637 175.697 0.06 4390.928 4391.678 4392.428
n 175.697 175.757 0.06 4392.428 4393.178 4393.928
d 175.757 175.787 0.03 4393.928 4394.303 4394.678
6 175.787 175.947 0.16 4394.678 4396.678 4398.678
t 175.947 175.987 0.04 4398.678 4399.178 4399.678
t 175.987 176.017 0.03 4399.678 4400.053 4400.428
aU 176.017 176.197 0.18 4400.428 4402.678 4404.928
z 176.197 176.267 0.07 4404.928 4405.803 4406.678
n 176.267 176.317 0.05 4406.678 4407.303 4407.928
z 176.317 176.377 0.06 4407.928 4408.678 4409.428
I 176.377 176.417 0.04 4409.428 4409.928 4410.428
n 176.417 176.537 0.12 4410.428 4411.928 4413.428
g 176.537 176.647 0.11 4413.428 4414.803 4416.178
aI 176.647 176.727 0.08 4416.178 4417.178 4418.178
m 176.727 176.857 0.13 4418.178 4419.803 4421.428
pf 176.857 176.907 0.05 4421.428 4422.053 4422.678
t 176.907 176.937 0.03 4422.678 4423.053 4423.428
w 176.937 177.497 0.56 4423.428 4430.428 4437.428
? 177.497 177.537 0.04 4437.428 4437.928 4438.428
U 177.537 177.567 0.03 4438.428 4438.803 4439.178
n 177.567 177.637 0.07 4439.178 4440.053 4440.928
j 177.637 177.847 0.21 4440.928 4443.553 4446.178
e: 177.847 177.897 0.05 4446.178 4446.803 4447.428
n 177.897 177.997 0.1 4447.428 4448.678 4449.928
t 177.997 178.047 0.05 4449.928 4450.553 4451.178
a: 178.047 178.297 0.25 4451.178 4454.303 4457.428
k 178.297 178.337 0.04 4457.428 4457.928 4458.428
w 178.337 178.457 0.12 4458.428 4459.928 4461.428
v 178.457 178.487 0.03 4461.428 4461.803 4462.178
e: 178.487 178.607 0.12 4462.178 4463.678 4465.178
6 178.607 178.647 0.04 4465.178 4465.678 4466.178
d 178.647 178.677 0.03 4466.178 4466.553 4466.928
n 178.677 178.857 0.18 4466.928 4469.178 4471.428
s 178.857 178.937 0.08 4471.428 4472.428 4473.428
