O 12.277 12.367 0.09 306.928 308.053 309.178
m 12.367 12.477 0.11 309.178 310.553 311.928
w 12.477 13.377 0.9 311.928 323.178 334.428
? 13.377 13.477 0.1 334.428 335.678 336.928
U 13.477 13.527 0.05 336.928 337.553 338.178
n 13.527 13.557 0.03 338.178 338.553 338.928
d 13.557 13.617 0.06 338.928 339.678 340.428
a 13.617 13.707 0.09 340.428 341.553 342.678
I 13.707 13.737 0.03 342.678 343.053 343.428
z 13.737 13.807 0.07 343.428 344.303 345.178
d 13.807 13.877 0.07 345.178 346.053 346.928
i: 13.877 13.957 0.08 346.928 347.928 348.928
z 13.957 14.047 0.09 348.928 350.053 351.178
@ 14.047 14.077 0.03 351.178 351.553 351.928
g 14.077 14.137 0.06 351.928 352.678 353.428
@ 14.137 14.197 0.06 353.428 354.178 354.928
f 14.197 14.317 0.12 354.928 356.428 357.928
E: 14.317 14.477 0.16 357.928 359.928 361.928
6 14.477 14.507 0.03 361.928 362.303 362.678
l 14.507 14.537 0.03 362.678 363.053 363.428
I 14.537 14.567 0.03 363.428 363.803 364.178
C 14.567 14.657 0.09 364.178 365.303 366.428
@ 14.657 14.727 0.07 366.428 367.303 368.178
w 14.727 14.807 0.08 368.178 369.178 370.178
ts 14.807 14.917 0.11 370.178 371.553 372.928
v 14.917 14.967 0.05 372.928 373.553 374.178
aI 14.967 15.097 0.13 374.178 375.803 377.428
t 15.097 15.127 0.03 377.428 377.803 378.178
@ 15.127 15.237 0.11 378.178 379.553 380.928
v 15.237 15.297 0.06 380.928 381.678 382.428
E 15.297 15.387 0.09 382.428 383.553 384.678
l 15.387 15.417 0.03 384.678 385.053 385.428
@ 15.417 15.507 0.09 385.428 386.553 387.678
d 15.507 15.537 0.03 387.678 388.053 388.428
e: 15.537 15.587 0.05 388.428 389.053 389.678
6 15.587 15.687 0.1 389.678 390.928 392.178
_ 15.687 15.727 0.04 392.178 392.678 393.178
a 15.727 15.787 0.06 393.178 393.928 394.678
n 15.787 15.867 0.08 394.678 395.678 396.678
d 15.867 15.897 0.03 396.678 397.053 397.428
@ 15.897 15.927 0.03 397.428 397.803 398.178
m 15.927 16.027 0.1 398.178 399.428 400.678
i: 16.027 16.207 0.18 400.678 402.928 405.178
w 16.207 16.437 0.23 405.178 408.053 410.928
? 16.437 16.527 0.09 410.928 412.053 413.178
I 16.527 16.577 0.05 413.178 413.803 414.428
n 16.577 16.637 0.06 414.428 415.178 415.928
d 16.637 16.667 0.03 415.928 416.303 416.678
e: 16.667 16.717 0.05 416.678 417.303 417.928
6 16.717 16.757 0.04 417.928 418.428 418.928
U 16.757 16.847 0.09 418.928 420.053 421.178
n 16.847 16.877 0.03 421.178 421.553 421.928
z 16.877 16.957 0.08 421.928 422.928 423.928
6 16.957 17.017 0.06 423.928 424.678 425.428
l 17.017 17.067 0.05 425.428 426.053 426.678
a 17.067 17.177 0.11 426.678 428.053 429.428
n 17.177 17.277 0.1 429.428 430.678 431.928
t 17.277 17.307 0.03 431.928 432.303 432.678
w 17.307 17.467 0.16 432.678 434.678 436.678
v 17.467 17.497 0.03 436.678 437.053 437.428
i: 17.497 17.567 0.07 437.428 438.303 439.178
z 17.567 17.677 0.11 439.178 440.553 441.928
O 17.677 17.727 0.05 441.928 442.553 443.178
f 17.727 17.887 0.16 443.178 445.178 447.178
i: 17.887 17.987 0.1 447.178 448.428 449.678
l 17.987 18.037 0.05 449.678 450.303 450.928
@ 18.037 18.227 0.19 450.928 453.303 455.678
? 18.227 18.257 0.03 455.678 456.053 456.428
OY 18.257 18.307 0.05 456.428 457.053 457.678
r 18.307 18.337 0.03 457.678 458.053 458.428
o 18.337 18.377 0.04 458.428 458.928 459.428
p 18.377 18.437 0.06 459.428 460.178 460.928
E: 18.437 18.587 0.15 460.928 462.803 464.678
I 18.587 18.637 0.05 464.678 465.303 465.928
S 18.637 18.677 0.04 465.928 466.428 466.928
@ 18.677 18.727 0.05 466.928 467.553 468.178
l 18.727 18.777 0.05 468.178 468.803 469.428
E 18.777 18.867 0.09 469.428 470.553 471.678
n 18.867 18.927 0.06 471.678 472.428 473.178
n 18.927 18.967 0.04 473.178 473.678 474.178
6 18.967 19.097 0.13 474.178 475.803 477.428
