g 176.537 176.647 0.11 4413.428 4414.803 4416.178
aI 176.647 176.727 0.08 4416.178 4417.178 4418.178
m 176.727 176.857 0.13 4418.178 4419.803 4421.428
pf 176.857 176.907 0.05 4421.428 4422.053 4422.678
t 176.907 176.937 0.03 4422.678 4423.053 4423.428
w 176.937 177.497 0.56 4423.428 4430.428 4437.428
? 177.497 177.537 0.04 4437.428 4437.928 4438.428
U 177.537 177.567 0.03 4438.428 4438.803 4439.178
n 177.567 177.637 0.07 4439.178 4440.053 4440.928
j 177.637 177.847 0.21 4440.928 4443.553 4446.178
e: 177.847 177.897 0.05 4446.178 4446.803 4447.428
n 177.897 177.997 0.1 4447.428 4448.678 4449.928
t 177.997 178.047 0.05 4449.928 4450.553 4451.178
a: 178.047 178.297 0.25 4451.178 4454.303 4457.428
k 178.297 178.337 0.04 4457.428 4457.928 4458.428
w 178.337 178.457 0.12 4458.428 4459.928 4461.428
v 178.457 178.487 0.03 4461.428 4461.803 4462.178
e: 178.487 178.607 0.12 4462.178 4463.678 4465.178
6 178.607 178.647 0.04 4465.178 4465.678 4466.178
d 178.647 178.677 0.03 4466.178 4466.553 4466.928
n 178.677 178.857 0.18 4466.928 4469.178 4471.428
s 178.857 178.937 0.08 4471.428 4472.428 4473.428
m 178.937 179.017 0.08 4473.428 4474.428 4475.428
e: 179.017 179.157 0.14 4475.428 4477.178 4478.928
6 179.157 179.207 0.05 4478.928 4479.553 4480.178
w 179.207 179.977 0.77 4480.178 4489.803 4499.428
d 179.977 180.037 0.06 4499.428 4500.178 4500.928
_ 180.037 180.117 0.08 4500.928 4501.928 4502.928
s 180.117 180.207 0.09 4502.928 4504.053 4505.178
t 180.207 180.267 0.06 4505.178 4505.928 4506.678
E 180.267 180.347 0.08 4506.678 4507.678 4508.678
m 180.347 180.487 0.14 4508.678 4510.428 4512.178
p 180.487 180.517 0.03 4512.178 4512.553 4512.928
o 180.517 180.717 0.2 4512.928 4515.428 4517.928
v 180.717 180.747 0.03 4517.928 4518.303 4518.678
I 180.747 180.847 0.1 4518.678 4519.928 4521.178
6 180.847 181.057 0.21 4521.178 4523.803 4526.428
ts 181.057 181.207 0.15 4526.428 4528.303 4530.178
u: 181.207 181.297 0.09 4530.178 4531.303 4532.428
n 181.297 181.387 0.09 4532.428 4533.553 4534.678
e: 181.387 181.507 0.12 4534.678 4536.178 4537.678
m 181.507 181.637 0.13 4537.678 4539.303 4540.928
w 181.637 182.247 0.61 4540.928 4548.553 4556.178
v 182.247 182.287 0.04 4556.178 4556.678 4557.178
I 182.287 182.387 0.1 4557.178 4558.428 4559.678
C 182.387 182.527 0.14 4559.678 4561.428 4563.178
t 182.527 182.577 0.05 4563.178 4563.803 4564.428
I 182.577 182.617 0.04 4564.428 4564.928 4565.428
C 182.617 182.677 0.06 4565.428 4566.178 4566.928
I 182.677 182.817 0.14 4566.928 4568.678 4570.428
z 182.817 182.987 0.17 4570.428 4572.553 4574.678
w 182.987 183.107 0.12 4574.678 4576.178 4577.678
d 183.107 183.137 0.03 4577.678 4578.053 4578.428
a 183.137 183.237 0.1 4578.428 4579.678 4580.928
s 183.237 183.267 0.03 4580.928 4581.303 4581.678
v 183.267 183.327 0.06 4581.678 4582.428 4583.178
i: 183.327 183.377 0.05 4583.178 4583.803 4584.428
6 183.377 183.417 0.04 4584.428 4584.928 4585.428
