n 223.537 223.597 0.06 5588.428 5589.178 5589.928
a 223.597 223.667 0.07 5589.928 5590.803 5591.678
x 223.667 223.807 0.14 5591.678 5593.428 5595.178
b 223.807 223.837 0.03 5595.178 5595.553 5595.928
a: 223.837 223.947 0.11 5595.928 5597.303 5598.678
r 223.947 223.977 0.03 5598.678 5599.053 5599.428
n 223.977 224.067 0.09 5599.428 5600.553 5601.678
w 224.067 224.127 0.06 5601.678 5602.428 5603.178
? 224.127 224.167 0.04 5603.178 5603.678 5604.178
E 224.167 224.227 0.06 5604.178 5604.928 5605.678
s 224.227 224.317 0.09 5605.678 5606.803 5607.928
n 224.317 224.397 0.08 5607.928 5608.928 5609.928
I 224.397 224.427 0.03 5609.928 5610.303 5610.678
C 224.427 224.507 0.08 5610.678 5611.678 5612.678
t 224.507 224.547 0.04 5612.678 5613.178 5613.678
w 224.547 224.617 0.07 5613.678 5614.553 5615.428
v 224.617 224.647 0.03 5615.428 5615.803 5616.178
e: 224.647 224.787 0.14 5616.178 5617.928 5619.678
r 224.787 224.837 0.05 5619.678 5620.303 5620.928
@ 224.837 224.867 0.03 5620.928 5621.303 5621.678
n 224.867 224.927 0.06 5621.678 5622.428 5623.178
w 224.927 225.857 0.93 5623.178 5634.803 5646.428
l 225.857 225.897 0.04 5646.428 5646.928 5647.428
a 225.897 226.007 0.11 5647.428 5648.803 5650.178
s 226.007 226.047 0.04 5650.178 5650.678 5651.178
n 226.047 226.117 0.07 5651.178 5652.053 5652.928
z 226.117 226.197 0.08 5652.928 5653.928 5654.928
i: 226.197 226.247 0.05 5654.928 5655.553 5656.178
U 226.247 226.297 0.05 5656.178 5656.803 5657.428
n 226.297 226.347 0.05 5657.428 5658.053 5658.678
s 226.347 226.387 0.04 5658.678 5659.178 5659.678
d 226.387 226.437 0.05 5659.678 5660.303 5660.928
E 226.437 226.537 0.1 5660.928 5662.178 5663.428
s 226.537 226.567 0.03 5663.428 5663.803 5664.178
h 226.567 226.597 0.03 5664.178 5664.553 5664.928
a 226.597 226.647 0.05 5664.928 5665.553 5666.178
l 226.647 226.687 0.04 5666.178 5666.678 5667.178
ts 226.687 226.847 0.16 5667.178 5669.178 5671.178
u 226.847 226.897 0.05 5671.178 5671.803 5672.428
z 226.897 226.987 0.09 5672.428 5673.553 5674.678
_ 226.987 227.077 0.09 5674.678 5675.803 5676.928
m 227.077 227.267 0.19 5676.928 5679.303 5681.678
v 227.267 227.337 0.07 5681.678 5682.553 5683.428
aI 227.337 227.487 0.15 5683.428 5685.303 5687.178
t 227.487 227.517 0.03 5687.178 5687.553 5687.928
6 227.517 227.687 0.17 5687.928 5690.053 5692.178
d 227.687 227.757 0.07 5692.178 5693.053 5693.928
a 227.757 227.857 0.1 5693.928 5695.178 5696.428
s 227.857 227.987 0.13 5696.428 5698.053 5699.678
t 227.987 228.067 0.08 5699.678 5700.678 5701.678
u: 228.067 228.107 0.04 5701.678 5702.178 5702.678
N 228.107 228.477 0.37 5702.678 5707.303 5711.928
v 228.477 228.547 0.07 5711.928 5712.803 5713.678
a 228.547 228.637 0.09 5713.678 5714.803 5715.928
s 228.637 228.692 0.055 5715.928 5716.615 5717.303
n 228.692 228.777 0.085 5717.303 5718.365 5719.427
2: 228.777 228.867 0.09 5719.427 5720.553 5721.678
t 228.867 228.897 0.03 5721.678 5722.053 5722.428
I 228.897 228.927 0.03 5722.428 5722.803 5723.178
j 228.927 229.167 0.24 5723.178 5726.178 5729.178
I 229.167 229.197 0.03 5729.178 5729.553 5729.928
z 229.197 229.317 0.12 5729.928 5731.428 5732.928
w 229.317 229.657 0.34 5732.928 5737.178 5741.428
? 229.657 229.707 0.05 5741.428 5742.053 5742.678
U 229.707 229.817 0.11 5742.678 5744.053 5745.428
m 229.817 229.847 0.03 5745.428 5745.803 5746.178
U 229.847 229.937 0.09 5746.178 5747.303 5748.428
n 229.937 229.997 0.06 5748.428 5749.178 5749.928
z 229.997 230.057 0.06 5749.928 5750.678 5751.428
6 230.057 230.137 0.08 5751.428 5752.428 5753.428
l 230.137 230.197 0.06 5753.428 5754.178 5754.928
a 230.197 230.307 0.11 5754.928 5756.303 5757.678
n 230.307 230.377 0.07 5757.678 5758.553 5759.428
t 230.377 230.467 0.09 5759.428 5760.553 5761.678
w 230.467 230.657 0.19 5761.678 5764.053 5766.428
? 230.657 230.697 0.04 5766.428 5766.928 5767.428
U 230.697 230.777 0.08 5767.428 5768.428 5769.428
n 230.777 230.807 0.03 5769.428 5769.803 5770.178
? 230.807 230.847 0.04 5770.178 5770.678 5771.178
U 230.847 230.917 0.07 5771.178 5772.053 5772.928
n 230.917 230.947 0.03 5772.928 5773.303 5773.678
s 230.947 230.977 0.03 5773.678 5774.053 5774.428
z 230.977 231.047 0.07 5774.428 5775.303 5776.178
E 231.047 231.267 0.22 5776.178 5778.928 5781.678
p 231.267 231.297 0.03 5781.678 5782.053 5782.428
s 231.297 231.337 0.04 5782.428 5782.928 5783.428
t 231.337 231.397 0.06 5783.428 5784.178 5784.928
f 231.397 231.457 0.06 5784.928 5785.678 5786.428
o: 231.457 231.497 0.04 5786.428 5786.928 5787.428
